37
32
19
24
17
16
23
31
26
22
31
36
42
48
54
53
71
80
91
98
100
99
94
90
83
73
74
72
83
76
68
63
71
64
58
63
72
66
64
70
62
66
73
80
82
69
73
70
62
66
70
71
65
58
64
66
68
59
52
48
46
48
48
37
35
30
34
32
26
27
33
30
27
28
27
38
43
47
48
46
43
44
46
41
44
55
61
67
61
49
43
53
54
59
63
64
77
76
77
75
68
61
69
69
69
67
58
63
68
60
60
51
54
44
44
37
29
15
16
18
19
12
10
0
4
17
18
27
15
18
19
21
19
21
25
27
32
38
26
18
18
18
20
14
24
23
22
24
23
15
20
26
27
20
23
27
30
35
35
33
37
34
36
27
27
25
34
30
24
27
29
28
23
31
39
36
31
25
19
29
39
36
41
32
30
24
18
22
29
36
32
38
27
22
21
18
28
34
42
49
